0 0.82561594
0.049999997 3.2263074
0.099999994 2.990235
0.15 3.4637616
0.19999999 3.6520271
0.25 3.7803886
0.3 3.7322896
0.35000002 3.9010508
0.39999998 4.0509562
0.45 4.1550865
0.5 4.1332884
0.55 4.029325
0.6 4.1314616
0.65 4.1967382
0.70000005 4.1645203
0.74999994 4.3290567
0.79999995 4.317823
0.85 4.198778
0.9 4.370232
0.95 4.278773
1 4.379143
1.1 4.260693
1.2 4.261616
1.3000001 4.7153563
1.4000001 4.171585
1.5 4.2397223
1.5999999 4.3660965
1.7 4.4449806
1.8 4.434421
1.9 4.3967586
2 4.3293195
2.1 4.3304315
2.2 4.4099307
2.3 4.18369
2.4 4.35562
2.5 4.3400636
2.6000001 4.1166673
2.6999998 4.2180448
2.8 4.2948956
2.8999999 4.2063494
3 4.4021487
3.1000001 4.1905117
3.1999998 4.1483064
3.3 4.234884
3.4 4.1988344
3.5 4.179824
3.6 4.1094556
3.7 4.1004767
3.8000002 4.1315317
3.9 3.9919498
4 4.018979
4.1 3.9569838
4.2000003 3.9125664
4.3000007 3.869598
4.4 3.8505576
4.5 3.9652622
4.5999994 3.9965951
4.7 4.090326
4.8 3.9157865
4.9 4.1098967
4.9999995 3.7645767
5.1 4.127556
5.2000003 3.766197
5.3 3.7044597
5.3999996 3.6339986
5.5 3.694405
5.6000004 3.6421757
5.7 3.6884742
5.7999997 3.6335921
5.9 3.5923822
6 3.4802463
6.1000004 3.8142529
6.2 3.789363
6.3 3.5364957
6.3999996 3.6452892
6.5 3.507117
6.6 3.613064
6.7000003 3.5793827
6.8 3.5311375
6.8999996 3.5593696
7 3.381847
7.1000004 3.4546604
7.2000003 3.4089327
7.2999997 3.5549054
7.4 3.3767536
7.4999995 3.4584656
7.6000004 3.3670871
7.7 3.4207823
7.799999 3.272244
7.8999996 3.484209
8 3.4364254
8.1 3.3631089
8.2 3.3810554
8.3 3.181228
8.4 3.372951
8.5 3.0800273
8.599999 3.2961893
8.700001 3.3898833
8.8 3.1389856
8.9 3.2100325
9 3.2759526
9.099999 3.0945466
9.2 3.0368528
9.299999 3.1277685
9.400001 3.1994681
9.5 3.1224463
9.6 3.2507155
9.7 3.128339
9.8 3.267173
9.9 3.2574942
9.999999 2.9419162
10.1 3.0338242
10.2 2.91676
10.3 3.0767345
10.4 2.972274
10.5 3.0174124
10.599999 3.1105344
10.699999 3.1532214
10.8 2.8997228
10.9 3.0157747
11 3.0169208
11.099999 2.7828143
11.200001 2.9372241
11.3 2.844987
11.4 2.9480631
11.5 3.0322802
11.599999 2.9696338
11.7 2.8384454
11.799999 2.8185306
11.900001 2.6895843
12 2.965434
12.1 2.7796748
12.2 2.758321
12.3 2.5665228
12.4 2.8299472
12.5 2.7294493
12.6 2.6691968
12.700001 2.8245246
12.8 2.7512877
12.9 2.7632763
13.000001 2.662209
13.099999 2.6541548
13.2 2.6162996
13.3 2.5780365
13.400001 2.8041933
13.500001 2.5565283
13.6 2.5880167
13.700001 2.547717
13.800001 2.5735369
13.9 2.6783078
14 2.5304818
14.1 2.4810233
14.200002 2.5890324
14.300001 2.5293038
14.400001 2.613887
14.5 2.4459078
14.599999 2.4910116
14.700002 2.4528925
14.8 2.377527
14.900001 2.434096
15.000001 2.3063154
15.1 2.5099168
15.200001 2.4408185
15.300001 2.419158
15.4 2.3844147
15.5 2.4207404
15.600002 2.362424
15.700001 2.263138
15.800001 2.3326445
15.9 2.265829
16.000002 2.302974
16.100002 2.2552679
16.2 2.3641605
16.300001 2.1830192
16.400002 2.2931917
16.5 2.2624714
16.6 2.2011735
16.7 2.1625164
16.8 2.1897635
16.900002 2.1889896
17 2.2805462
17.1 2.2551591
17.2 2.1183293
17.300001 2.1658854
17.400002 2.1523485
17.500002 2.2123983
17.6 2.2914913
17.7 2.19521
17.800001 2.067972
17.9 2.1493256
18 2.142782
18.1 2.0503333
18.2 2.1174428
18.300001 2.1942272
18.4 2.1631155
18.5 2.1322732
18.6 2.1181793
18.7 2.012801
18.800001 2.1122882
18.900002 2.0986223
19 2.063122
19.100002 2.0507374
19.2 1.9790823
19.300001 2.004769
19.400002 1.9543921
19.5 2.0224078
19.6 2.0475724
19.7 2.0124652
19.8 1.8193375
19.9 1.7788978
20.000002 1.978921
20.1 2.0461223
20.2 1.8802104
20.300001 2.0301137
20.4 1.9845086
20.500002 1.9642357
20.600002 1.9576709
20.7 1.8793131
20.800001 1.9467467
20.900002 1.9615738
21 1.9545768
21.1 1.8991224
21.199999 1.9036827
21.3 1.8623966
21.400002 1.8676556
21.5 1.8422272
21.6 1.8461944
21.7 1.9046233
21.800001 1.8861657
21.900002 1.8719097
22.000002 1.8083196
22.1 1.8804479
22.2 1.7802955
22.300001 1.7985111
22.400002 1.8959749
22.5 1.8462168
22.6 1.8562863
22.7 1.8395783
22.800001 1.7883008
22.9 1.8032845
23 1.8722595
23.100002 1.7906642
23.2 1.7633173
23.300001 1.777191
23.400002 1.7640176
23.5 1.7985108
23.600002 1.8099399
23.7 1.7120284
23.800001 1.7863747
23.900002 1.7183731
24 1.7922361
24.1 1.7184837
24.2 1.7906344
24.3 1.7701676
24.4 1.7124199
24.500002 1.6719308
24.6 1.7238613
24.7 1.7136326
24.8 1.6859599
24.900002 1.6621351
25 1.6837136
25.099998 1.6867722
25.2 1.7102668
25.3 1.6788526
25.400002 1.6745285
25.5 1.6835209
25.6 1.6545298
25.7 1.6802754
25.800001 1.5990459
25.9 1.6516747
26 1.6831841
26.1 1.7013634
26.199999 1.6505061
26.299997 1.6676031
26.4 1.6279405
26.499998 1.6177816
26.6 1.6199588
26.699999 1.5805411
26.799997 1.6153538
26.9 1.5966471
26.999998 1.6240443
27.1 1.6302917
27.199999 1.6332883
27.299997 1.6052896
27.400002 1.451604
27.5 1.477738
27.599998 1.4565889
27.7 1.4801577
27.8 1.4238955
27.899998 1.4559216
27.999996 1.3386897
28.099998 1.4652723
28.199997 1.4535841
28.3 1.4408903
28.400002 1.4468045
28.5 1.4419295
28.599998 1.3924264
28.7 1.4281818
28.8 1.4111226
28.899998 1.4050785
29 1.4342028
29.099998 1.412124
29.199999 1.366258
29.300001 1.4031004
29.4 1.4227359
29.499998 1.3731743
29.6 1.4108515
29.699999 1.4040607
29.799997 1.3674679
29.9 1.3961973
29.999998 1.373851
30.1 1.3961484
30.2 1.3528191
30.300001 1.4179345
30.4 1.3696634
30.499998 1.2957797
30.599998 1.3694755
30.699999 1.3683683
30.799997 1.3470024
30.899998 1.386599
31 1.2667814
31.099998 1.3571162
31.2 1.3150163
31.3 1.3230792
31.399998 1.3349712
31.5 1.4095694
31.599998 1.3437026
31.699997 1.3630477
31.800001 1.3793392
31.900002 1.3698022
32 1.3418716
32.100002 1.3180317
32.2 1.3115944
32.3 1.336337
32.4 1.3172987
32.5 1.3423296
32.6 1.3371001
32.7 1.2461976
32.8 1.2805899
32.9 1.3170489
33 1.3194627
33.1 1.2799798
33.199997 1.2744846
33.3 1.2275538
33.399998 1.309961
33.499996 1.2774293
33.6 1.2723764
33.7 1.1899146
33.8 1.3088167
33.899998 1.2649722
34 1.2586595
34.1 1.1438489
34.199997 1.27014
34.3 1.2646606
34.399998 1.2164342
34.5 1.2381644
34.600002 1.2804575
34.7 1.163021
34.8 1.2645699
34.9 1.2445537
35 1.2603904
35.1 1.2424128
35.2 1.2636706
35.3 1.1067315
35.4 1.0585263
35.5 1.0709453
35.600002 1.2705842
35.7 1.1373827
35.8 1.1175069
35.9 1.1071893
36 1.2398769
36.1 1.1901217
36.199997 1.233247
36.3 1.2369816
36.399998 1.1992828
36.5 1.1513232
36.6 1.0989755
36.699997 1.3343656
36.8 1.1346631
36.899998 0.93134356
36.999996 1.2718438
37.1 1.2057097
37.2 0.83010393
37.3 1.1741374
37.4 1.3366232
37.5 1.1571718
37.6 1.0682108
37.7 1.0354675
37.8 1.2095008
37.899998 0.8648294
38 1.0440973
38.100002 1.070315
38.2 0.97072953
38.3 1.1038319
38.4 0.9524623
38.5 1.0156931
38.6 0.8677783
38.7 1.066687
38.8 1.022696
38.899998 1.0317082
39 1.1398141
39.1 1.1405826
39.2 1.06767
39.3 0.89084977
39.399998 1.1529589
39.5 0.9148142
39.6 0.9393761
39.699997 0.92684853
39.799995 1.2341132
39.9 0.95953816
40 0.91577315
40.1 1.1980948
40.2 1.063054
40.3 0.9790993
40.399998 0.92371213
40.5 0.9540238
40.6 1.0672019
40.699997 0.9948386
40.8 0.970553
40.9 1.0501308
41 0.98344225
41.1 0.9366747
41.2 0.8974461
41.3 0.9601934
41.399998 1.0675768
41.5 0.97304827
41.6 0.90821576
41.7 0.9134651
41.800003 1.0003034
41.9 0.9581914
42 0.9004851
42.1 0.974473
42.2 1.0109262
42.3 1.0082554
42.399998 0.91910994
42.5 0.93440276
42.6 1.0757396
42.7 0.9751944
42.8 0.9086375
42.899998 0.90907556
43 1.062907
43.1 1.027499
43.199997 0.91934633
43.299995 0.9056739
43.399998 1.0723095
43.5 1.07455
43.6 0.9473669
43.7 0.9164447
43.8 0.9861078
43.899998 0.99273247
44 1.0417906
44.1 0.88677204
44.199997 0.9689878
44.300003 1.046127
44.4 0.9755804
44.5 0.9098564
44.600002 0.9528309
44.7 1.0474223
44.8 0.92718285
44.9 0.90877515
45 0.9167811
45.1 1.016675
45.2 0.9683185
45.3 0.94742554
45.4 0.96242106
45.5 0.9834694
45.6 1.0020854
45.699997 0.99737906
45.8 0.9549689
45.899998 0.9880285
45.999996 0.9737878
46.1 0.96074677
46.2 0.9412891
46.3 0.989399
46.399998 0.99668574
46.5 0.9677037
46.6 0.95761466
46.699997 0.9730677
46.8 0.9818094
46.899998 0.97430325
47 0.96067613
47.100002 0.9715993
47.2 0.98688436
47.3 0.96144617
47.4 0.9791055
47.5 0.9920252
47.6 0.96742743
47.7 0.971767
47.8 0.98118216
47.9 0.97205335
48 0.9598577
48.100002 0.9748064
48.2 0.96621376
48.3 0.9786476
48.4 0.9736698
48.5 0.9736672
48.6 0.97155076
48.699997 0.99114376
48.8 0.9797076
48.899998 0.98023576
49 0.9709076
49.1 0.9690869
49.199997 0.97257197
49.3 0.9719075
49.399998 0.9664821
49.499996 0.99423206
49.6 0.98267436
49.7 0.9661476
49.8 0.9695107
49.9 0.9656218
50 0.97792566
50.1 0.9713378
50.200005 0.9667675
50.300003 0.961958
50.4 0.9829206
50.5 0.9715808
50.600006 0.9680421
50.700005 0.95756155
50.800003 0.97509456
50.9 0.96480787
51 0.97255135
51.1 0.95998514
51.2 0.9535622
51.300003 0.979354
51.4 0.9676717
51.5 0.9492123
51.6 0.976788
51.699997 0.97957146
51.8 0.9548106
51.899998 0.97216153
52 0.96504235
52.100002 0.96177447
52.2 0.9638232
52.3 0.9541902
52.399998 0.98072606
52.499996 0.95288557
52.599995 0.94447607
52.7 0.9643311
52.8 0.9522014
52.899998 0.9158443
52.999996 0.96252936
53.099995 0.9588387
53.2 0.96833
53.3 0.95721966
53.399998 0.9621306
53.499996 0.9560595
53.599995 0.9402337
53.7 0.9683019
53.800003 0.98009235
53.9 0.9813724
54.000004 0.953827
54.100002 0.94506025
54.2 0.9758549
54.3 0.9604941
54.4 0.9593569
54.5 0.9459754
54.6 0.9820035
54.7 0.96768624
54.8 0.9554379
54.899998 0.94031054
54.999996 0.94178164
55.1 0.97470367
55.199997 0.9569919
55.299995 0.9412515
55.399998 0.95281494
55.5 0.9466155
55.6 0.9400944
55.700005 0.94838077
55.800003 0.94923824
55.9 0.9607698
56 0.9351329
56.1 0.945193
56.199997 0.94299734
56.300003 0.95789593
56.4 0.9626094
56.5 0.9324574
56.6 0.94626445
56.699997 0.95564795
56.799995 0.95476985
56.9 0.9475163
57 0.946531
57.1 0.9416483
57.199997 0.9309044
57.300003 0.9500935
57.4 0.95215327
57.5 0.9566175
57.600002 0.935473
57.7 0.9410118
57.8 0.9427863
57.9 0.9595451
58 0.94260234
58.1 0.95463735
58.2 0.9444898
58.3 0.94090956
58.399998 0.93680245
58.499996 0.9438258
58.6 0.940625
58.699997 0.9477536
58.8 0.9546611
58.899998 0.9732806
58.999996 0.9546019
59.100002 0.9648605
59.2 0.9546544
59.3 0.959506
59.400005 0.9545764
59.500004 0.94074076
59.600002 0.95032465
59.7 0.9496775
59.8 0.9350194
59.899998 0.9398432
59.999996 0.9538303
60.100002 0.95325524
60.2 0.9608403
60.3 0.9471026
60.399998 0.9348898
60.499996 0.9484989
60.599995 0.941835
60.7 0.9303592
60.8 0.9709951
60.9 0.94447947
61 0.9446628
61.1 0.9451174
61.199997 0.96351194
61.300003 0.93985075
61.4 0.9602836
61.5 0.9483634
61.6 0.9334209
61.699997 0.93645066
61.799995 0.9448341
61.9 0.94002295
62 0.9527093
62.1 0.96019524
62.199997 0.9423121
62.299995 0.94696695
62.399994 0.96799725
62.499992 0.9456298
62.600006 0.9445847
62.700005 0.95107955
62.800003 0.95387506
62.9 0.93173987
63 0.9696583
63.1 0.9598397
63.200005 0.9586426
63.300003 0.9493521
63.4 0.94919133
63.5 0.93980616
63.6 0.9612812
63.699997 0.95529854
63.800003 0.9336365
63.9 0.952927
64 0.9606856
64.1 0.9428401
64.2 0.95528674
64.299995 0.93988746
64.40001 0.9420153
64.50001 0.94644743
64.600006 0.9415484
64.700005 0.9577058
64.8 0.94440234
64.9 0.94596153
65 0.95335895
65.100006 0.94452417
65.200005 0.940826
65.3 0.9448068
65.4 0.94417
65.5 0.9351353
65.6 0.9448383
65.7 0.9444704
65.8 0.96598524
65.9 0.94764316
66 0.9325936
66.1 0.94630075
66.2 0.9407805
66.3 0.9359077
66.4 0.95142806
66.5 0.9249281
66.6 0.9094179
66.7 1.0370039
66.799995 0.91156274
66.9 0.93163383
67 0.95990205
67.1 0.9461824
67.2 0.9533946
67.299995 0.93256074
67.399994 0.95237714
67.5 0.9339231
67.6 0.9341275
67.7 0.9457109
67.799995 0.9423227
67.899994 0.94507265
68 0.9494608
68.1 0.95886755
68.200005 0.9431171
68.3 0.94067633
68.4 0.96013904
68.5 0.95042855
68.6 0.9482578
68.7 0.9313707
68.8 0.96127033
68.9 0.9594613
69 0.95696867
69.1 0.9299743
69.2 0.95426023
69.299995 0.93872213
69.4 0.9754306
69.5 0.92443526
69.6 0.9274855
69.7 0.94551355
69.8 0.85759205
69.9 0.864152
70.00001 0.8645237
70.100006 0.9743305
70.200005 0.9414344
70.3 0.96481466
70.4 0.9095017
70.5 0.9511591
70.6 0.9392006
70.700005 0.9384762
70.8 0.960268
70.9 0.9225985
71 0.92676806
71.1 0.9451026
71.2 0.9173518
71.3 0.92759746
71.4 0.9385755
71.5 0.93937993
71.6 0.9465373
71.7 0.9555681
71.8 0.9447634
71.9 0.9562575
72 0.94054353
72.1 0.9188059
72.2 0.93713087
72.299995 0.9547817
72.399994 0.94803107
72.5 0.91307324
72.6 0.9447605
72.7 0.9518191
72.799995 0.951655
72.899994 0.9626294
72.99999 0.9277206
73.09999 0.94890404
73.2 0.9311658
73.299995 0.9345266
73.4 0.9590044
73.5 0.91913044
73.6 0.9705023
73.7 0.9552906
73.8 0.9444436
73.9 0.94907826
74 0.9431018
74.1 0.95688194
74.2 0.95041597
74.299995 0.9411248
74.4 0.9505413
74.5 0.9495377
74.6 0.9431764
74.7 0.9561923
74.799995 0.9601204
74.899994 0.96213764
75 0.94773376
75.100006 0.95786875
75.200005 0.95372975
75.3 0.9537358
75.4 0.9179448
75.5 0.9232362
75.6 0.95031226
75.700005 0.92644775
75.8 0.9477673
75.9 0.9157758
76 0.97621745
76.1 0.9641604
76.2 0.9439459
76.3 0.918752
76.4 0.94744647
76.5 0.9551671
76.6 0.94753814
76.7 0.9472402
76.799995 0.9545843
76.90001 0.94756156
77.00001 0.96333045
77.100006 0.9454251
77.200005 0.95333886
77.3 0.9441513
77.4 0.9599669
77.5 0.93819195
77.600006 0.9562764
77.700005 0.9511192
77.8 0.94237375
77.9 0.94964457
78 0.9197108
78.1 0.93746156
78.2 0.95460343
78.3 0.9440201
78.4 0.95682704
78.5 0.9443694
78.6 0.9318855
78.7 0.93389726
78.8 0.9338474
78.9 0.94716
79 0.9427778
79.1 0.957837
79.2 0.9433356
79.299995 0.9537532
79.4 0.9485112
79.5 0.9343313
79.6 0.9332773
79.7 0.96615314
79.799995 0.9403497
79.899994 0.93935615
80 0.93331957
80.1 0.94371796
80.2 0.97500706
80.299995 0.95026344
80.399994 0.9525215
80.5 0.96252
80.6 0.9397092
80.700005 0.94146395
80.8 0.9391515
80.9 0.9447555
81 0.9532202
81.1 0.94907516
81.2 0.9328939
81.3 0.9434688
81.4 0.94747615
81.5 0.95166945
81.6 0.9188355
81.7 0.950386
81.799995 0.9456601
81.9 0.94683033
82 0.96537864
82.1 0.93569857
82.2 0.9404629
82.3 0.9251378
82.4 0.9410163
82.50001 0.9817091
82.600006 0.932073
82.700005 0.9426897
82.8 0.91710913
82.9 0.95776534
83 0.95279354
83.1 0.9501285
83.200005 0.9492683
83.3 0.9488551
83.4 0.9439543
83.5 0.96036327
83.6 0.9342158
83.7 0.93686503
83.8 0.9389744
83.9 0.97295815
84 0.93706256
84.1 0.9443607
84.2 0.9256627
84.3 0.9495614
84.4 0.9361907
84.5 0.95804286
84.6 0.9350358
84.7 0.92869616
84.799995 0.9483618
84.899994 0.9448171
85 0.9538944
85.1 0.9531319
85.2 0.95335335
85.299995 0.93542993
85.399994 0.9640827
85.49999 0.9390596
85.59999 0.9326255
85.7 0.9558952
85.799995 0.9051339
85.9 0.9437296
86 0.93582445
86.1 0.9533431
86.2 0.9357749
86.3 0.9562285
86.4 0.9511449
86.5 0.95151705
86.6 0.9155053
86.7 0.9238211
86.799995 0.9538579
86.9 0.9420496
87 0.9367723
87.1 0.93594813
87.2 0.9580232
87.299995 0.9219571
87.399994 0.9705273
87.5 0.9431397
87.600006 0.96839464
87.700005 0.9446224
87.8 0.9545278
87.9 0.9467701
88 0.9305192
88.1 0.9349122
88.200005 0.9430663
88.3 0.9625648
88.4 0.9504443
88.5 0.9562496
88.6 0.9119314
88.7 0.92990583
88.8 0.94067836
88.9 0.95719355
89 0.9615365
89.1 0.94477725
89.2 0.9072119
89.299995 0.9201606
89.40001 0.9233475
89.50001 0.9449682
89.600006 0.94791573
89.700005 0.94055563
89.8 0.9648044
89.9 0.9400641
90 0.9413123
90.100006 0.92426
90.200005 0.93626505
90.3 0.9457644
90.4 0.93480873
90.5 0.95461774
90.6 0.94395536
90.7 0.9221109
90.8 0.9110853
90.9 0.8980508
91 0.9484214
91.1 0.96022165
91.2 0.9696674
91.3 0.94145525
91.4 0.953649
91.5 0.9234613
91.6 0.91094565
91.7 0.96457624
91.799995 0.9295133
91.9 0.9392488
92 0.9368904
92.1 0.9580005
92.2 0.9461163
92.299995 0.91305435
92.399994 0.9454055
92.5 0.9349191
92.6 0.954323
92.7 0.9325414
92.799995 0.96059865
92.899994 0.9295863
93 0.966394
93.100006 0.9513487
93.200005 0.9241501
93.3 0.94646597
93.4 0.930683
93.5 0.9406253
93.6 0.9169697
93.7 0.9634868
93.8 0.92958325
93.9 0.93529433
94 0.96241957
94.1 0.97338104
94.2 0.94398886
94.299995 0.9528938
94.4 0.9397957
94.5 0.9333818
94.6 0.9495254
94.7 0.92649394
94.8 0.94784814
94.9 0.9324365
95.00001 0.9418067
95.100006 0.91885203
95.200005 0.94546103
95.3 0.93750095
95.4 0.9474023
95.5 0.9393386
95.600006 0.9231858
95.700005 0.96391267
95.8 0.95859826
95.9 0.9515154
96 0.94535005
96.1 0.9270553
96.2 0.93469536
96.3 0.95700413
96.4 0.9236604
96.5 0.9126824
96.6 0.940368
96.7 0.9396331
96.8 0.916081
96.9 0.94655347
97 0.9254922
97.1 0.93624943
97.2 0.9558413
97.299995 0.96183866
97.399994 0.95141745
97.5 0.94088393
97.6 0.9319955
97.7 0.9460524
97.799995 0.93126374
97.899994 0.93749166
97.99999 0.9235819
98.1 0.94786286
98.2 0.9294673
98.299995 0.9545047
98.4 0.94938093
98.5 0.9493532
98.6 0.9511142
98.7 0.92148554
98.8 0.9213005
98.9 0.9669248
99 0.9594367
99.1 0.93770766
99.2 0.9418818
99.299995 0.94374424
99.4 0.9409485
99.5 0.9368556
99.6 0.94672304
99.7 0.93875176
99.799995 0.9213408
99.899994 0.9463268
100 0.93940806
