0 0.4701192
0.049999997 6.0049896
0.099999994 6.2990355
0.15 6.086001
0.19999999 5.833512
0.25 5.705947
0.3 5.4679174
0.35000002 5.342784
0.39999998 5.4463477
0.45 5.503901
0.5 5.3909407
0.55 5.5353875
0.6 5.2204857
0.65 5.328378
0.70000005 5.523016
0.74999994 5.1235967
0.79999995 5.0735283
0.85 4.920764
0.9 4.9576154
0.95 4.936074
1 5.0432057
1.2 4.8541746
1.4000001 4.7431207
1.5999999 4.7227526
1.8 4.5207725
2 4.4424787
2.2 4.253004
2.4 4.220846
2.6000001 4.154471
2.8 3.9788122
3 4.06314
3.1999998 3.8661056
3.4 3.663845
3.6 3.7272003
3.8000002 3.7449179
4 3.6532853
4.2000003 3.466645
4.4 3.5833771
4.5999994 3.4548569
4.8 3.433849
4.9999995 3.3031702
5.2000003 3.2425225
5.3999996 3.2946405
5.6000004 3.1739917
5.7999997 3.135235
6 3.1203318
6.2 2.985994
6.3999996 3.0540073
6.6 2.904732
6.8 2.906222
7 2.8276768
7.2000003 2.720302
7.4 2.8808777
7.6000004 2.787542
7.799999 2.7935724
8 2.7678273
8.2 2.6513617
8.4 2.7051003
8.599999 2.6451237
8.8 2.581042
9 2.6870015
9.2 2.6876054
9.400001 2.5884752
9.6 2.5878923
9.8 2.5725076
9.999999 2.4823008
10.2 2.4274476
10.4 2.4049075
10.599999 2.4616003
10.8 2.3645866
11 2.3622053
11.200001 2.3440995
11.4 2.3226268
11.599999 2.3163948
11.799999 2.3287752
12 2.2475934
12.2 2.2586472
12.4 2.2509875
12.6 2.252611
12.8 2.1369472
13.000001 2.1369455
13.2 2.1454077
13.400001 2.128285
13.6 2.1119497
13.800001 2.0773547
14 2.027542
14.200002 2.0893667
14.400001 2.069061
14.599999 2.0159972
14.8 2.024909
15.000001 2.0476866
15.200001 1.9944323
15.4 1.9758213
15.600002 1.9112728
15.800001 1.9464085
16.000002 1.9758443
16.2 1.8886102
16.400002 1.9650503
16.6 1.9358981
16.8 1.9150269
17 1.899426
17.2 1.8949227
17.400002 1.8146529
17.6 1.8802631
17.800001 1.8687148
18 1.8499713
18.2 1.794034
18.4 1.790818
18.6 1.8392496
18.800001 1.7945266
19 1.7933862
19.2 1.7516599
19.400002 1.7857484
19.6 1.751446
19.8 1.7411406
20.000002 1.7188714
20.2 1.7154657
20.4 1.7010692
20.600002 1.7176161
20.800001 1.6896873
21 1.7043507
21.199999 1.6515299
21.400002 1.6428763
21.6 1.6803594
21.800001 1.6203089
22.000002 1.4975654
22.2 1.6090711
22.400002 1.6141818
22.6 1.5844771
22.800001 1.584636
23 1.5112956
23.2 1.4909186
23.400002 1.4116722
23.600002 1.351174
23.800001 1.3524227
24 1.4546955
24.2 1.4786521
24.4 1.4724954
24.6 1.477207
24.8 1.4178712
25 1.4761564
25.2 1.4125416
25.400002 1.402972
25.6 1.1806026
25.800001 1.211664
26 1.4407144
26.199999 1.3149476
26.4 1.0962797
26.6 1.3665233
26.799997 1.365726
26.999998 1.3956928
27.199999 1.2868683
27.400002 1.1452281
27.599998 1.3279802
27.8 1.3093623
27.999996 1.245651
28.199997 0.931152
28.400002 1.2687886
28.599998 1.3514103
28.8 1.2020316
29 1.1940532
29.199999 1.2036037
29.4 1.2859073
29.6 1.093695
29.799997 1.186614
29.999998 1.2689015
30.2 0.96639097
30.4 1.1986573
30.599998 1.0881987
30.799997 1.1003774
31 1.0335261
31.2 1.0041826
31.399998 1.0620623
31.599998 1.0614341
31.800001 1.183587
32 1.1233395
32.2 1.1556373
32.4 0.82782596
32.6 0.92202115
32.8 1.0865799
33 0.85026515
33.199997 1.1406549
33.399998 1.033678
33.6 0.86160034
33.8 0.91274667
34 0.91745025
34.199997 0.8636313
34.399998 0.849328
34.600002 0.82169247
34.8 0.8500404
35 0.920859
35.2 0.9907608
35.4 0.93788034
35.600002 0.9677991
35.8 0.9068869
36 0.8472959
36.199997 0.80240697
36.399998 0.83148503
36.6 0.7821112
36.8 0.9674224
36.999996 0.78902835
37.2 0.8432124
37.4 0.840596
37.6 0.8235543
37.8 0.8878145
38 0.7846736
38.2 0.8558591
38.4 0.8827537
38.6 0.77142024
38.8 0.76751
39 0.8038716
39.2 0.7556404
39.399998 0.71700555
39.6 0.8016753
39.799995 0.83357173
40 0.81896025
40.2 0.81473935
40.399998 0.82378685
40.6 0.83413744
40.8 0.83107525
41 0.8034181
41.2 0.8190071
41.399998 0.8242565
41.6 0.8117523
41.800003 0.8165253
42 0.8334057
42.2 0.82160133
42.399998 0.81064564
42.6 0.84349394
42.8 0.826464
43 0.8256988
43.199997 0.82563555
43.399998 0.8299364
43.6 0.80753547
43.8 0.83587897
44 0.8355554
44.199997 0.8501551
44.4 0.83527833
44.600002 0.8429778
44.8 0.8233422
45 0.83324075
45.2 0.83441097
45.4 0.83492017
45.6 0.82745504
45.8 0.81916577
45.999996 0.820171
46.2 0.8403457
46.399998 0.8206836
46.6 0.832508
46.8 0.8269832
47 0.830647
47.2 0.8527521
47.4 0.83790445
47.6 0.83914214
47.8 0.83693016
48 0.83908594
48.2 0.8532571
48.4 0.8394262
48.6 0.8467096
48.8 0.83248425
49 0.8388116
49.199997 0.85897434
49.399998 0.8514634
49.6 0.84022266
49.8 0.84639907
50 0.8635397
50.200005 0.8411823
50.4 0.85649985
50.600006 0.8422387
50.800003 0.8603613
51 0.88418055
51.2 0.8449835
51.4 0.8492191
51.6 0.84772086
51.8 0.8662015
52 0.86214787
52.2 0.84384114
52.399998 0.8501063
52.599995 0.8571511
52.8 0.86211336
52.999996 0.86460793
53.2 0.8713533
53.399998 0.8669616
53.599995 0.86948895
53.800003 0.86703366
54.000004 0.8603596
54.2 0.8568464
54.4 0.8555502
54.6 0.8588806
54.8 0.86614066
54.999996 0.89484996
55.199997 0.871191
55.399998 0.86268336
55.6 0.8676347
55.800003 0.8640655
56 0.8652282
56.199997 0.87798584
56.4 0.88516974
56.6 0.8743389
56.799995 0.8710811
57 0.82338244
57.199997 0.8797341
57.4 0.8933614
57.600002 0.8682293
57.8 0.8975925
58 0.87423146
58.2 0.8923723
58.399998 0.8903834
58.6 0.88241154
58.8 0.8931973
58.999996 0.8829727
59.2 0.886404
59.400005 0.8964704
59.600002 0.8856465
59.8 0.8870745
59.999996 0.8897774
60.2 0.89854497
60.399998 0.89596015
60.599995 0.9004505
60.8 0.83576584
61 0.8883871
61.199997 0.90272135
61.4 0.8985873
61.6 0.9022781
61.799995 0.8975689
62 0.9108335
62.199997 0.8960468
62.399994 0.89819616
62.600006 0.9120083
62.800003 0.90274245
63 0.8990359
63.200005 0.9141474
63.4 0.90543747
63.6 0.898473
63.800003 0.8991418
64 0.9197783
64.2 0.9252945
64.40001 0.8961336
64.600006 0.9197775
64.8 0.9067657
65 0.8545127
65.200005 0.91373503
65.4 0.9185673
65.6 0.90153885
65.8 0.9122113
66 0.94242096
66.2 0.90987957
66.4 0.91854846
66.6 0.9220799
66.799995 0.8765545
67 0.9271759
67.2 0.92615545
67.399994 0.91339606
67.6 0.9210521
67.799995 0.91763836
68 0.9271061
68.200005 0.87093806
68.4 0.94729537
68.6 0.9461682
68.8 0.92366606
69 0.9360324
69.2 0.9143713
69.4 0.9279982
69.6 0.93027145
69.8 0.91645956
70.00001 0.9650164
70.200005 0.9295553
70.4 0.8970271
70.6 0.9309971
70.8 0.936756
71 0.9388228
71.2 0.9380151
71.4 0.9272844
71.6 0.9470377
71.8 0.94725174
72 0.9272155
72.2 0.94040465
72.399994 0.90113837
72.6 1.0274367
72.799995 0.97254366
72.99999 0.94255453
73.2 0.89536375
73.4 0.8449305
73.6 0.92533964
73.8 0.9816408
74 0.9584725
74.2 0.8872855
74.4 0.9378766
74.6 0.94832337
74.799995 0.9412271
75 0.9499153
75.200005 0.95140964
75.4 0.95986
75.6 0.90220696
75.8 0.9474547
76 0.94679874
76.2 0.95803124
76.4 0.9591969
76.6 0.93376285
76.799995 0.9546814
77.00001 0.9504808
77.200005 0.9506993
77.4 0.95687723
77.600006 0.9607096
77.8 0.946102
78 0.9496671
78.2 0.95192116
78.4 0.9482737
78.6 0.9530135
78.8 0.9522317
79 0.9439508
79.2 0.96232224
79.4 0.9517141
79.6 0.9622946
79.799995 0.9619657
80 0.9497189
80.2 0.9316878
80.399994 0.9616683
80.6 0.93807334
80.8 0.96117216
81 0.9535357
81.2 0.94705653
81.4 0.937675
81.6 0.9540502
81.799995 0.97259843
82 0.9492462
82.2 0.9422696
82.4 0.9495434
82.600006 0.9499168
82.8 0.9738819
83 0.96982175
83.200005 0.960126
83.4 0.93931365
83.6 0.94882584
83.8 0.96137494
84 0.9491696
84.2 0.93796
84.4 0.94888306
84.6 0.96519387
84.799995 0.9445986
85 0.94392717
85.2 0.933206
85.399994 0.97841775
85.59999 0.9539019
85.799995 0.93876404
86 0.9478401
86.2 0.9457255
86.4 0.94579315
86.6 0.95820755
86.799995 0.9526787
87 0.9442691
87.2 0.9753896
87.399994 0.9585008
87.600006 0.9626722
87.8 0.9612736
88 0.97749656
88.200005 0.9683986
88.4 0.9522706
88.6 0.9548033
88.8 0.9726333
89 0.95077103
89.2 0.953258
89.40001 0.95108527
89.600006 0.96152276
89.8 0.9277129
90 0.9584129
90.200005 0.9553968
90.4 0.9461827
90.6 0.9606585
90.8 0.95739967
91 0.9634782
91.2 0.94628805
91.4 0.94931126
91.6 0.96066153
91.799995 0.96194816
92 0.9349097
92.2 0.9527932
92.399994 0.96919566
92.6 0.94303614
92.799995 0.95834064
93 0.96017057
93.200005 0.96871793
93.4 0.9513681
93.6 0.9596162
93.8 0.9139203
94 0.94365984
94.2 0.9306812
94.4 0.9727023
94.6 0.95229405
94.8 0.9724747
95.00001 0.9603764
95.200005 0.9388561
95.4 0.95941716
95.600006 0.96646285
95.8 0.95502514
96 0.95695376
96.2 0.9447046
96.4 0.9566405
96.6 0.95084697
96.8 0.949031
97 0.9591849
97.2 0.969239
97.399994 0.96469724
97.6 0.92760336
97.799995 0.95148784
97.99999 0.95265996
98.2 0.953989
98.4 0.9382067
98.6 0.94441915
98.8 0.9586382
99 0.9700925
99.2 0.950285
99.4 0.9625358
99.6 0.95152915
99.799995 0.94684505
100 0.9567294
