0 1.919995
0.1 3.074668
0.2 3.139863
0.3 3.271317
0.4 3.285571
0.5 3.380777
0.6 3.415588
0.70000005 3.535294
0.8 3.75315
0.9 3.703796
1 3.737829
1.1 3.881309
1.2 3.919207
1.3000001 4.046478
1.4000001 4.045171
1.5 4.141076
1.6 4.302095
1.7 4.335933
1.8 4.492469
1.9 4.513839
2 4.576222
2.1 4.641041
2.2 4.74607
2.3 4.824386
2.4 4.914509
2.5 5.030697
2.6000001 5.107646
2.7 5.258932
2.8000002 5.26654
2.8999999 5.57701
3 5.780007
3.1 5.608137
3.2 5.680691
3.3 5.805274
3.4 5.861721
3.5 5.949983
3.6 6.045728
3.7 6.204886
3.8 6.357907
3.9 6.28148
4 6.377447
4.1 6.596483
4.2 6.62954
4.3 6.746565
4.4 6.857841
4.5 6.877242
4.6 7.047733
4.7 7.205321
4.8 7.229029
4.9 7.301417
5 7.44003
5.1 7.741856
5.2000003 8.06289
5.2999997 7.876884
5.4 7.962729
5.5 8.05345
5.6000004 8.137533
5.7 8.397644
5.7999997 8.377592
5.9 8.486396
6 8.739573
6.1 8.60429
6.2 8.879752
6.3 8.836862
6.4 9.27168
6.5 9.153389
6.6 9.116587
6.7000003 9.193853
6.8 9.432939
6.8999996 9.644181
7 9.546385
7.1000004 9.626579
7.2 9.98172
7.2999997 10.045999
7.4 10.085768
7.5000005 10.08659
7.6 10.290638
7.7 10.441847
7.8 10.567281
7.9000006 10.633555
8 10.934176
8.1 10.751351
8.2 11.059213
8.299999 11.044724
8.4 11.352199
8.5 11.146943
8.6 11.573623
8.7 11.501863
8.8 11.896563
8.900001 11.660507
9 12.160664
9.099999 12.300003
9.2 12.366188
9.3 12.760501
9.4 12.708045
9.5 12.832508
9.6 12.681884
9.700001 13.125488
9.8 12.989862
9.9 13.153149
10 13.355418
10.1 13.490181
10.2 13.565449
10.3 13.969536
10.400001 13.578821
10.5 13.999561
10.599999 13.992137
10.7 13.887393
10.8 14.069564
10.9 14.446241
11 14.51636
11.1 14.55874
11.200001 14.735155
11.3 14.62838
11.4 14.986924
11.5 15.184043
11.599999 15.033584
11.7 15.318391
11.8 15.284871
11.900001 15.447287
12 15.433145
12.1 15.784079
12.2 16.020868
12.3 16.000586
12.4 16.264744
12.5 16.226053
12.6 16.170998
12.700001 16.441778
12.8 16.643562
12.9 16.923578
13 16.992949
13.099999 16.994371
13.2 17.063244
13.3 17.10299
13.400001 17.447771
13.500001 17.271715
13.6 17.491676
13.7 18.121399
13.799999 17.81364
13.9 18.036861
14 18.188992
14.1 18.042995
14.200001 18.045086
14.300001 18.532236
14.4 18.838463
14.5 18.858767
14.599999 18.934372
14.7 18.991596
14.8 18.993664
14.900001 19.187399
15.000001 19.085833
15.099999 19.421795
15.2 19.534113
15.299999 19.65105
15.4 19.801905
15.5 20.097637
15.6 20.00756
15.700001 20.118265
15.800001 20.220299
15.9 20.245884
16 21.368616
16.1 21.801985
16.2 22.050173
16.300001 22.21676
16.4 21.923271
16.5 22.315924
16.599998 22.479364
16.699999 22.803667
16.8 22.871593
16.9 22.743368
17 23.619148
17.1 23.360596
17.2 23.147772
17.3 23.558136
17.4 23.190329
17.5 23.45826
17.6 23.728765
17.7 23.818134
17.800001 23.56808
17.9 24.840895
18 24.067387
18.099998 24.03604
18.199999 24.251413
18.3 24.232878
18.4 24.469946
18.5 24.498907
18.6 24.771435
18.7 24.871172
18.8 25.040388
18.9 25.241796
19 24.661154
19.1 25.372864
19.2 25.464771
19.300001 25.602337
19.400002 26.135721
19.5 25.38994
19.6 25.721212
19.699999 26.181404
19.8 26.289177
19.9 26.606527
20 26.409428
20.1 28.789076
20.2 31.566742
20.3 26.385351
20.4 26.854992
20.5 26.959469
20.6 28.136356
20.7 27.471508
20.800001 27.380783
20.900002 27.619764
21 27.52893
21.1 27.617895
21.199999 28.038445
21.3 28.061178
21.4 27.99954
21.5 28.013783
21.6 27.747295
21.699999 28.114883
21.8 28.704752
21.9 28.372988
22 29.542685
22.1 28.707907
22.2 29.552542
22.300001 28.672203
22.400002 28.609764
22.5 29.618986
22.6 28.943382
22.7 30.75165
22.8 33.503395
22.9 30.073484
23 30.091692
23.1 29.891628
23.199999 30.174124
23.3 29.979153
23.4 30.064655
23.5 30.295847
23.6 31.019516
23.7 31.48636
23.800001 30.981852
23.9 33.05918
24 31.56398
24.1 30.906855
24.2 31.4517
24.3 31.344522
24.4 31.391308
24.5 31.735115
24.6 33.090206
24.699999 31.692171
24.8 31.796877
24.9 39.938286
25 32.82517
25.099998 33.53095
25.2 32.240868
25.3 32.28727
25.400002 33.859867
25.5 40.092957
25.6 34.43552
25.7 32.50394
25.8 35.07639
25.9 33.258892
26 37.03001
26.1 34.725235
26.199999 34.123135
26.300001 35.01777
26.4 34.144535
26.499998 34.873272
26.6 34.842484
26.699999 34.404743
26.800001 34.929924
26.9 34.462303
27.000002 38.98825
27.1 38.63181
27.2 35.107796
27.3 34.622543
27.4 38.72244
27.5 35.060833
27.599998 35.59374
27.7 35.17031
27.8 37.16202
27.900002 39.68642
28 35.89526
28.099998 36.241302
28.2 36.43559
28.3 36.31591
28.400002 41.42665
28.5 40.67018
28.600002 43.253056
28.7 39.45104
28.8 40.793983
28.9 40.253822
29 38.1981
29.1 39.739864
29.199999 37.57103
29.300001 40.42541
29.4 41.53552
29.499998 40.08366
29.6 45.09569
29.699999 42.359753
29.800001 37.170647
29.9 40.134514
30.000002 42.075928
30.1 41.198437
30.199999 41.622593
30.300001 40.211937
30.4 43.601254
30.5 43.47519
30.599998 43.12856
30.7 44.692516
30.8 42.24615
30.899998 47.98855
31 45.85776
31.099998 43.61045
31.2 46.61839
31.3 43.094265
31.400002 42.18611
31.5 45.25188
31.600002 48.383984
31.7 42.356476
31.8 42.94643
31.900002 49.239925
32 43.13381
32.100002 46.30203
32.2 44.876385
32.300003 44.99088
32.4 41.408756
32.5 48.67757
32.600002 44.911247
32.7 43.19198
32.8 48.25711
32.9 43.675056
33 42.517933
33.1 44.101204
33.199997 43.60024
33.3 44.27971
33.399998 47.61942
33.5 43.60744
33.6 48.903812
33.7 48.20294
33.8 48.307537
33.899998 47.0739
34 52.8336
34.1 48.861927
34.2 47.718994
34.3 52.700253
34.4 51.49919
34.5 50.328747
34.6 52.17393
34.7 46.546337
34.8 49.31905
34.9 48.489643
35 51.587563
35.100002 52.544376
35.2 51.904385
35.3 47.930042
35.4 52.513393
35.5 48.95666
35.600002 49.6985
35.7 52.429276
35.8 48.893
35.9 49.64611
36 51.46341
36.1 52.877354
36.199997 51.49616
36.3 53.687298
36.399998 52.885227
36.5 49.939117
36.6 53.088226
36.7 51.603786
36.8 51.874638
36.899998 54.365025
37 53.123196
37.1 54.209064
37.2 52.549866
37.3 53.38824
37.4 49.7742
37.5 50.297646
37.6 54.600025
37.7 58.918896
37.8 57.926567
37.9 53.91771
38 51.001545
38.100002 55.486095
38.2 54.7024
38.3 53.726795
38.4 52.345577
38.5 55.66699
38.600002 54.888348
38.7 53.69513
38.800003 57.318356
38.9 52.474133
39 56.778786
39.1 55.14823
39.2 55.152466
39.3 55.29012
39.399998 55.171917
39.5 57.986477
39.6 55.73606
39.7 56.058933
39.8 55.641254
39.899998 57.202103
40 55.686375
40.1 56.718246
40.2 58.25291
40.3 55.19579
40.4 57.813152
40.5 56.235096
40.6 54.80325
40.7 60.546932
40.8 57.04335
40.9 57.006725
41 56.120186
41.100002 57.82869
41.2 56.397896
41.3 57.735706
41.4 58.031345
41.5 59.28306
41.600002 58.626648
41.7 57.785187
41.800003 59.379093
41.9 61.58211
42 57.62401
42.1 59.34205
42.2 57.129536
42.3 57.75272
42.399998 57.417072
42.5 58.199215
42.6 57.835064
42.699997 60.19039
42.8 57.353912
42.899998 58.92119
43 58.921696
43.1 58.11591
43.2 59.698353
43.3 61.448692
43.399998 57.425304
43.5 58.960396
43.6 58.909153
43.7 61.453575
43.8 58.068024
43.9 60.168236
44 60.444958
44.100002 58.930225
44.2 58.799335
44.3 60.35374
44.4 59.865765
44.5 60.29377
44.600002 61.354664
44.7 59.677265
44.800003 61.70958
44.9 61.898495
45 59.14265
45.100002 58.76016
45.2 59.95392
45.3 61.46933
45.4 61.655704
45.5 61.915627
45.6 61.238487
45.699997 61.003555
45.8 59.865967
45.899998 62.24055
46 63.95653
46.1 61.05588
46.2 62.54514
46.3 64.05752
46.399998 62.11961
46.5 63.53129
46.6 62.099613
46.7 63.016487
46.8 63.535538
46.9 62.9898
47 61.77665
47.1 62.833614
47.2 61.882305
47.3 62.287148
47.4 62.641342
47.5 62.703644
47.600002 65.22747
47.7 61.797127
47.8 62.75446
47.9 62.378338
48 63.781597
48.100002 64.8724
48.2 64.13289
48.3 63.21231
48.4 62.870495
48.5 63.12948
48.6 65.71651
48.699997 62.866573
48.8 64.16506
48.899998 63.489777
49 63.536503
49.1 64.542984
49.2 63.48255
49.3 62.55667
49.399998 63.85245
49.5 63.46897
49.6 64.21463
49.7 66.02277
49.8 64.13856
49.9 64.610985
50 65.6796
50.1 65.38601
50.199997 65.83817
50.300003 65.57193
50.4 64.44632
50.5 64.210236
50.6 65.33011
50.700005 64.582695
50.800003 66.531975
50.9 64.03082
51 63.420956
51.1 63.640896
51.2 65.9376
51.300003 65.98589
51.4 64.60893
51.5 65.09489
51.6 67.1185
51.7 65.286064
51.8 65.69867
51.899998 65.525024
52 65.391464
52.100002 64.51074
52.2 64.31504
52.3 64.53142
52.399998 66.04301
52.499996 65.826256
52.600002 65.84405
52.7 65.36275
52.8 66.30103
52.899998 64.90438
52.999996 66.00887
53.100002 67.53822
53.2 67.05811
53.3 65.95565
53.399998 65.58503
53.500004 66.15328
53.600002 65.80742
53.7 68.5024
53.8 66.43559
53.899998 65.17488
54.000004 65.93963
54.100002 66.932526
54.2 66.7518
54.3 68.62198
54.4 65.62148
54.5 65.01944
54.6 67.007545
54.7 65.69598
54.8 65.86863
54.9 66.76829
55 66.056015
55.1 67.123955
55.199997 65.881454
55.299995 67.08771
55.4 66.27407
55.5 66.01963
55.6 67.5404
55.699997 66.453094
55.800003 67.956924
55.9 67.571625
56 68.89613
56.1 66.377144
56.199997 70.28043
56.300003 65.21735
56.4 68.479034
56.5 69.48326
56.6 66.993126
56.699997 67.03869
56.800003 68.40219
56.9 66.592125
57 69.76247
57.1 68.10313
57.200005 68.93334
57.300003 68.250175
57.4 69.133965
57.5 66.40225
57.6 67.60049
57.7 69.96605
57.8 67.81682
57.9 66.9366
58 67.11621
58.1 67.611176
58.2 67.98327
58.3 66.703354
58.399998 69.0418
58.499996 67.087326
58.600002 67.574814
58.7 70.034744
58.8 67.87166
58.899998 69.57201
58.999996 68.60485
59.100002 66.92343
59.2 67.05389
59.3 67.17237
59.399998 67.92211
59.500004 67.408356
59.600002 67.97004
59.7 68.95949
59.8 69.23833
59.899998 70.844765
60.000004 69.56618
60.100002 67.52085
60.2 68.2482
60.3 69.32342
60.399998 70.67026
60.5 68.95513
60.600002 68.55802
60.7 69.279884
60.8 68.70319
60.9 69.54099
61 71.49937
61.1 69.29885
61.199997 68.62761
61.3 69.198135
61.4 68.072716
61.5 68.93928
61.6 71.754005
61.699997 68.244125
61.799995 70.86139
61.9 68.790825
62 68.79973
62.1 68.48605
62.199997 67.786026
62.300003 68.80011
62.4 68.02604
62.5 68.180244
62.6 69.496445
62.699997 68.37191
62.800003 67.76498
62.9 69.001144
63 69.465126
63.1 68.50382
63.200005 68.70498
63.300003 68.02319
63.4 69.841194
63.5 68.779854
63.6 68.60172
63.7 70.09116
63.800003 69.50471
63.9 67.81898
64 69.905106
64.1 69.308
64.200005 69.37038
64.3 69.16813
64.4 68.532715
64.5 69.369835
64.600006 71.82935
64.700005 69.20976
64.8 68.615234
64.9 68.78347
65 71.22986
65.100006 69.47718
65.200005 70.60017
65.3 71.49367
65.4 68.9077
65.5 69.64529
65.6 69.40912
65.7 70.172165
65.8 70.01407
65.9 69.64409
66 70.63139
66.1 70.2244
66.2 68.47233
66.299995 69.92534
66.399994 69.576385
66.5 69.810555
66.6 69.58038
66.7 70.30186
66.799995 69.1905
66.9 69.33222
67 73.762726
67.1 69.26189
67.2 69.56086
67.299995 70.34286
67.4 69.29888
67.5 69.34934
67.6 69.94672
67.7 69.40477
67.799995 69.71571
67.9 69.25758
68 69.66781
68.1 70.02898
68.2 70.027405
68.3 70.03628
68.4 69.8526
68.5 69.720184
68.6 70.85123
68.7 70.368065
68.8 69.07862
68.9 69.80105
69 70.871895
69.1 72.154884
69.2 69.654045
69.3 69.57276
69.4 69.913666
69.5 70.22169
69.6 71.53586
69.700005 70.16853
69.8 70.30732
69.9 70.078735
70 70.09487
70.1 71.0192
70.200005 72.18532
70.3 69.81088
70.4 71.46902
70.5 70.16536
70.6 70.75764
70.700005 71.54995
70.8 70.91586
70.9 71.43034
71 70.35951
71.100006 70.99291
71.200005 69.37323
71.3 70.651215
71.4 70.668175
71.5 69.74757
71.6 70.35136
71.7 69.497086
71.8 69.66435
71.9 70.61776
72 70.687706
72.1 69.80081
72.2 70.35516
72.299995 71.14506
72.399994 71.07379
72.5 71.691025
72.6 70.2736
72.7 71.547966
72.799995 70.33868
72.899994 69.48841
73 69.81428
73.1 71.479546
73.2 70.5395
73.299995 70.87696
73.4 71.76669
73.5 70.022224
73.6 70.31574
73.7 70.776276
73.799995 70.22844
73.9 71.11919
74 71.31213
74.1 70.73798
74.2 71.56729
74.299995 74.22456
74.4 70.2496
74.5 69.8312
74.6 70.777596
74.7 70.70408
74.8 70.01905
74.9 70.413246
75 70.97266
75.1 70.052475
75.2 70.81608
75.3 74.575584
75.4 72.21475
75.5 71.64109
75.6 70.6645
75.700005 71.0962
75.8 70.285614
75.9 69.43699
76 71.354454
76.1 70.72386
76.200005 69.933685
76.3 70.42623
76.4 70.11985
76.5 71.59861
76.6 70.8801
76.700005 71.04101
76.8 71.42533
76.9 71.541
77 71.57224
77.100006 70.837006
77.200005 71.854935
77.3 72.68379
77.4 70.087776
77.5 70.48645
77.600006 70.76524
77.700005 71.01819
77.8 70.68836
77.9 70.80327
78 70.718285
78.1 71.10111
78.2 70.044395
78.3 71.75891
78.4 70.7253
78.5 70.585976
78.6 70.55743
78.7 71.77221
78.799995 73.73315
78.899994 70.679245
79 70.15923
79.1 70.987724
79.2 71.3284
79.299995 71.1913
79.4 70.79285
79.5 76.17789
79.6 70.35217
79.7 71.23353
79.799995 71.57137
79.9 70.30348
80 71.39248
80.1 71.6082
80.2 70.86079
80.299995 70.11859
80.4 71.30463
80.5 70.67351
80.6 71.02484
80.7 70.51216
80.8 70.18517
80.9 69.707245
81 71.33494
81.1 71.39393
81.2 71.34229
81.3 70.5777
81.4 70.014175
81.5 70.88432
81.6 71.36915
81.7 71.597565
81.8 71.27434
81.9 71.23957
82 70.55155
82.1 70.43777
82.200005 70.8005
82.3 71.304794
82.4 70.18842
82.5 72.37257
82.6 70.54271
82.700005 71.06239
82.8 70.46111
82.9 71.10523
83 70.71741
83.1 71.30754
83.200005 70.61485
83.3 71.04306
83.4 71.21678
83.5 70.27244
83.600006 70.75816
83.700005 70.791336
83.8 70.41942
83.9 70.07964
84 70.92825
84.1 70.63791
84.2 70.54398
84.3 71.033264
84.4 70.98143
84.5 70.464264
84.6 70.646126
84.7 70.68789
84.799995 70.93927
84.899994 70.003815
85 70.16727
85.1 71.720024
85.2 70.432686
85.299995 72.6496
85.399994 70.67167
85.5 70.330414
85.6 71.00741
85.7 70.28486
85.799995 70.64947
85.9 70.41418
86 70.24197
86.1 70.31785
86.2 70.6253
86.299995 70.32676
86.4 70.639565
86.5 70.82
86.6 73.79498
86.7 70.46758
86.799995 70.27758
86.9 70.320465
87 69.98585
87.1 69.72592
87.2 70.309265
87.3 71.17693
87.4 70.33958
87.5 69.717705
87.6 70.67253
87.7 69.781265
87.8 72.81863
87.9 70.106384
88 70.18383
88.1 70.29232
88.200005 71.13352
88.3 70.43359
88.4 69.367966
88.5 70.41699
88.6 70.0212
88.700005 70.50477
88.8 70.32197
88.9 69.867676
89 68.91567
89.1 71.41553
89.200005 69.48366
89.3 69.81551
89.4 69.80009
89.5 69.56177
89.600006 69.60891
89.700005 69.575066
89.8 70.9685
89.9 70.51858
90 70.31436
90.100006 69.60395
90.200005 72.87397
90.3 71.80337
90.4 69.04375
90.5 70.4272
90.6 69.29781
90.7 70.67744
90.8 69.521645
90.9 69.72658
91 70.23324
91.1 69.142525
91.2 69.88537
91.299995 69.3692
91.399994 68.83777
91.5 69.54226
91.6 69.3421
91.7 68.86661
91.799995 68.94936
91.9 68.51579
92 69.578514
92.1 69.46942
92.2 69.10425
92.299995 68.48413
92.4 69.49494
92.5 69.26607
92.6 68.52515
92.7 71.13259
92.799995 68.942894
92.9 69.06181
93 69.84912
93.1 68.57229
93.2 69.419136
93.3 68.7936
93.4 68.515015
93.5 68.81833
93.6 68.84085
93.7 68.46055
93.8 68.845535
93.9 68.37297
94 68.16173
94.1 68.24231
94.2 68.64398
94.3 68.830414
94.4 68.6796
94.5 68.19523
94.6 68.67492
94.700005 68.491264
94.8 68.83699
94.9 68.20674
95 68.50777
95.1 68.76638
95.200005 68.052536
95.3 68.69939
95.4 68.89037
95.5 68.49212
95.6 69.093056
95.700005 68.7251
95.8 68.49265
95.9 68.847946
96 68.68084
96.100006 68.599304
96.200005 68.63133
96.3 68.79919
96.4 68.57861
96.5 68.2362
96.6 68.82135
96.7 68.3339
96.8 68.39837
96.9 68.28002
97 68.95958
97.1 68.88036
97.2 68.2387
97.299995 68.95342
97.399994 68.53812
97.5 69.59693
97.6 68.81655
97.7 68.23195
97.799995 68.7319
97.899994 69.400055
98 68.30409
98.1 68.16394
98.2 72.589516
98.299995 68.15679
98.4 68.541405
98.5 68.470566
98.6 68.37754
98.7 68.43706
98.799995 68.30734
98.9 68.68091
99 68.1916
99.1 68.48297
99.2 68.57762
99.299995 68.62802
99.4 68.40634
99.5 70.423874
99.6 68.74806
99.7 68.10883
99.8 68.77494
99.9 68.523285
100 69.30858
